1 21.0
2 21.287361906776397
3 21.578656045241658
4 21.873936223662263
5 22.173256986611637
6 22.47667362504572
7 22.78424218651638
8 23.096019485524593
9 23.412063114015318
10 23.732431452015927
11 24.05718367842028
12 24.38637978192032
13 24.720080572087273
14 25.058347690604467
15 25.4012436226539
16 25.748831708458546
17 26.101176154982696
18 26.458342047792335
19 26.820395363077846
20 27.18740297984122
21 27.559432692250052
22 27.936553222160562
23 28.318834231812005
24 28.706346336694775
25 29.099161118594598
26 29.497351138815212
27 29.900989951582016
28 30.310152117629087
29 30.72491321797216
30 31.145349867870053
31 31.571539730977154
32 32.00356153368955
33 32.44149507968749
34 32.88542126467683
35 33.335422091332184
36 33.79158068444463
37 34.25398130627656
38 34.72270937212677
39 35.19785146610854
40 35.67949535714346
41 36.16773001517433
42 36.66264562759978
43 37.16433361593379
44 37.672886652693265
45 38.18839867851655
46 38.71096491951634
47 39.24068190486999
48 39.77764748465044
49 40.321960847901316
50 40.87372254095922
51 41.43303448602681
52 42.0
53 42.574723813552794
54 43.157312090483316
55 43.747872447324525
56 44.346513973223274
57 44.95334725009144
58 45.56848437303276
59 46.192038971049186
60 46.824126228030636
61 47.464862904031854
62 48.11436735684056
63 48.77275956384064
64 49.440161144174546
65 50.116695381208935
66 50.8024872453078
67 51.49766341691709
68 52.20235230996539
69 52.91668409558467
70 53.64079072615569
71 54.37480595968244
72 55.118865384500104
73 55.873106444321124
74 56.63766846362401
75 57.41269267338955
76 58.198322237189196
77 58.994702277630424
78 59.80197990316403
79 60.620304235258175
80 61.44982643594432
81 62.290699735740105
82 63.14307946195431
83 64.0071230673791
84 64.88299015937498
85 65.77084252935366
86 66.67084418266437
87 67.58316136888926
88 68.50796261255311
89 69.44541874425354
90 70.39570293221708
91 71.35899071428692
92 72.33546003034866
93 73.32529125519956
94 74.32866723186758
95 75.34577330538653
96 76.3767973570331
97 77.42192983903269
98 78.48136380973997
99 79.55529496930087
100 80.64392169580263
101 81.74744508191844
102 82.86606897205363
103 84.0
104 85.14944762710559
105 86.31462418096663
106 87.49574489464905
107 88.69302794644655
108 89.90669450018288
109 91.13696874606552
110 92.38407794209837
111 93.64825245606127
112 94.92972580806371
113 96.22873471368112
114 97.54551912768127
115 98.88032228834909
116 100.23339076241787
117 101.6049744906156
118 102.99532683383418
119 104.40470461993078
120 105.83336819116934
121 107.28158145231139
122 108.74961191936488
123 110.23773076900021
124 111.74621288864225
125 113.27533692724802
126 114.8253853467791
127 116.39664447437839
128 117.98940455526085
129 119.60395980632806
130 121.24060847051635
131 122.89965287188863
132 124.58139947148021
133 126.28615892390862
134 128.0142461347582
135 129.76598031874997
136 131.54168505870732
137 133.34168836532874
138 135.16632273777853
139 137.01592522510623
140 138.8908374885071
141 140.79140586443415
142 142.71798142857384
143 144.6709200606973
144 146.65058251039912
145 148.65733446373517
146 150.69154661077306
147 152.7535947140662
148 154.84385967806537
149 156.96272761947995
150 159.11058993860175
151 161.28784339160526
152 163.49489016383689
153 165.73213794410725
154 168.0
155 170.29889525421117
156 172.62924836193326
157 174.9914897892981
158 177.3860558928931
159 179.81338900036576
160 182.27393749213104
161 184.76815588419674
162 187.29650491212254
163 189.85945161612742
164 192.45746942736224
165 195.09103825536255
166 197.76064457669818
167 200.46678152483574
168 203.2099489812312
169 205.99065366766837
170 208.80940923986157
171 211.66673638233868
172 214.56316290462277
173 217.49922383872976
174 220.47546153800042
175 223.4924257772845
176 226.55067385449604
177 229.6507706935582
178 232.79328894875678
179 235.9788091105217
180 239.20791961265613
181 242.4812169410327
182 245.79930574377727
183 249.16279894296042
184 252.57231784781723
185 256.0284922695164
186 259.53196063749994
187 263.08337011741463
188 266.68337673065747
189 270.33264547555706
190 274.03185045021246
191 277.7816749770142
192 281.5828117288683
193 285.4359628571477
194 289.3418401213946
195 293.30116502079824
196 297.31466892747034
197 301.3830932215461
198 305.5071894281324
199 309.68771935613074
200 313.9254552389599
201 318.2211798772035
202 322.57568678321053
203 326.98978032767377
204 331.4642758882145
205 336.0
206 340.59779050842235
207 345.25849672386653
208 349.9829795785962
209 354.7721117857862
210 359.6267780007315
211 364.5478749842621
212 369.5363117683935
213 374.5930098242451
214 379.71890323225483
215 384.9149388547245
216 390.1820765107251
217 395.52128915339637
218 400.9335630496715
219 406.4198979624624
220 411.98130733533674
221 417.61881847972313
222 423.33347276467737
223 429.12632580924554
224 434.9984476774595
225 440.95092307600083
226 446.984851554569
227 453.1013477089921
228 459.3015413871164
229 465.58657789751356
230 471.9576182210434
231 478.41583922531225
232 484.9624338820654
233 491.59861148755454
234 498.32559788592084
235 505.14463569563446
236 512.0569845390328
237 519.0639212749999
238 526.1667402348293
239 533.3667534613149
240 540.6652909511141
241 548.0637009004249
242 555.5633499540284
243 563.1656234577366
244 570.8719257142953
245 578.6836802427893
246 586.6023300415965
247 594.6293378549407
248 602.7661864430922
249 611.0143788562648
250 619.3754387122615
251 627.8509104779198
252 636.442359754407
253 645.1513735664211
254 653.9795606553475
255 662.928551776429
256 672.0
257 681.1955810168447
258 690.5169934477331
259 699.9659591571924
260 709.5442235715724
261 719.253556001463
262 729.0957499685242
263 739.072623536787
264 749.1860196484902
265 759.4378064645097
266 769.829877709449
267 780.3641530214502
268 791.0425783067927
269 801.867126099343
270 812.8397959249248
271 823.9626146706735
272 835.2376369594463
273 846.6669455293547
274 858.2526516184911
275 869.996895354919
276 881.9018461520017
277 893.969703109138
278 906.2026954179842
279 918.6030827742328
280 931.1731557950271
281 943.9152364420868
282 956.8316784506245
283 969.9248677641308
284 983.1972229751091
285 996.6511957718417
286 1010.2892713912689
287 1024.1139690780656
288 1038.1278425499997
289 1052.3334804696585
290 1066.7335069226299
291 1081.3305819022282
292 1096.1274018008498
293 1111.1266999080567
294 1126.3312469154732
295 1141.7438514285907
296 1157.3673604855785
297 1173.204660083193
298 1189.2586757098813
299 1205.5323728861845
300 1222.0287577125296
301 1238.750877424523
302 1255.7018209558396
303 1272.884719508814
304 1290.3027471328421
305 1307.959121310695
306 1325.857103552858
307 1344.0
308 1362.3911620336894
309 1381.0339868954661
310 1399.9319183143848
311 1419.0884471431448
312 1438.507112002926
313 1458.1914999370483
314 1478.145247073574
315 1498.3720392969803
316 1518.8756129290193
317 1539.659755418898
318 1560.7283060429004
319 1582.0851566135855
320 1603.734252198686
321 1625.6795918498497
322 1647.925229341347
323 1670.4752739188925
324 1693.3338910587095
325 1716.5053032369822
326 1739.993790709838
327 1763.8036923040033
328 1787.939406218276
329 1812.4053908359683
330 1837.2061655484656
331 1862.3463115900543
332 1887.8304728841736
333 1913.663356901249
334 1939.8497355282616
335 1966.3944459502181
336 1993.3023915436834
337 2020.5785427825379
338 2048.227938156131
339 2076.2556850999995
340 2104.666960939317
341 2133.4670138452598
342 2162.6611638044565
343 2192.2548036016997
344 2222.2533998161134
345 2252.6624938309465
346 2283.4877028571814
347 2314.734720971157
348 2346.409320166386
349 2378.5173514197627
350 2411.064745772369
351 2444.057515425059
352 2477.501754849046
353 2511.403641911679
354 2545.769439017628
355 2580.6054942656842
356 2615.91824262139
357 2651.714207105716
358 2688.0
359 2724.782324067379
360 2762.0679737909322
361 2799.8638366287696
362 2838.1768942862896
363 2877.014224005852
364 2916.3829998740966
365 2956.290494147148
366 2996.7440785939607
367 3037.7512258580387
368 3079.319510837796
369 3121.4566120858008
370 3164.170313227171
371 3207.468504397372
372 3251.3591836996993
373 3295.850458682694
374 3340.950547837785
375 3386.667782117419
376 3433.0106064739643
377 3479.987581419676
378 3527.6073846080067
379 3575.878812436552
380 3624.8107816719366
381 3674.412331096931
382 3724.6926231801085
383 3775.660945768347
384 3827.326713802498
385 3879.699471056523
386 3932.7888919004363
387 3986.6047830873667
388 4041.1570855650757
389 4096.455876312262
390 4152.511370199999
391 4209.333921878634
392 4266.9340276905195
393 4325.322327608913
394 4384.509607203399
395 4444.506799632227
396 4505.324987661893
397 4566.975405714363
398 4629.469441942314
399 4692.818640332772
400 4757.034702839525
401 4822.129491544738
402 4888.115030850118
403 4955.003509698092
404 5022.807283823358
405 5091.538878035256
406 5161.2109885313685
407 5231.83648524278
408 5303.428414211432
409 5376.0
410 5449.564648134758
411 5524.1359475818645
412 5599.727673257539
413 5676.353788572579
414 5754.028448011704
415 5832.765999748193
416 5912.580988294296
417 5993.488157187921
418 6075.502451716077
419 6158.639021675592
420 6242.9132241716015
421 6328.340626454342
422 6414.937008794744
423 6502.718367399399
424 6591.700917365388
425 6681.90109567557
426 6773.335564234838
427 6866.021212947929
428 6959.975162839352
429 7055.214769216013
430 7151.757624873104
431 7249.621563343873
432 7348.824662193862
433 7449.385246360217
434 7551.321891536694
435 7654.653427604996
436 7759.398942113046
437 7865.577783800873
438 7973.2095661747335
439 8082.314171130151
440 8192.911752624525
441 8305.022740399998
442 8418.667843757268
443 8533.868055381039
444 8650.644655217826
445 8769.019214406799
446 8889.013599264454
447 9010.649975323786
448 9133.950811428726
449 9258.938883884628
450 9385.637280665544
451 9514.06940567905
452 9644.258983089476
453 9776.230061700237
454 9910.007019396184
455 10045.614567646717
456 10183.077756070512
457 10322.421977062737
458 10463.67297048556
459 10606.856828422864
460 10752.0
