21.0
21.287361906776397
21.578656045241658
21.873936223662263
22.173256986611637
22.47667362504572
22.78424218651638
23.096019485524593
23.412063114015318
23.732431452015927
24.05718367842028
24.38637978192032
24.720080572087273
25.058347690604467
25.4012436226539
25.748831708458546
26.101176154982696
26.458342047792335
26.820395363077846
27.18740297984122
27.559432692250052
27.936553222160562
28.318834231812005
28.706346336694775
29.099161118594598
29.497351138815212
29.900989951582016
30.310152117629087
30.72491321797216
31.145349867870053
31.571539730977154
32.00356153368955
32.44149507968749
32.88542126467683
33.335422091332184
33.79158068444463
34.25398130627656
34.72270937212677
35.19785146610854
35.67949535714346
36.16773001517433
36.66264562759978
37.16433361593379
37.672886652693265
38.18839867851655
38.71096491951634
39.24068190486999
39.77764748465044
40.321960847901316
40.87372254095922
41.43303448602681
42.0
42.574723813552794
43.157312090483316
43.747872447324525
44.346513973223274
44.95334725009144
45.56848437303276
46.192038971049186
46.824126228030636
47.464862904031854
48.11436735684056
48.77275956384064
49.440161144174546
50.116695381208935
50.8024872453078
51.49766341691709
52.20235230996539
52.91668409558467
53.64079072615569
54.37480595968244
55.118865384500104
55.873106444321124
56.63766846362401
57.41269267338955
58.198322237189196
58.994702277630424
59.80197990316403
60.620304235258175
61.44982643594432
62.290699735740105
63.14307946195431
64.0071230673791
64.88299015937498
65.77084252935366
66.67084418266437
67.58316136888926
68.50796261255311
69.44541874425354
70.39570293221708
71.35899071428692
72.33546003034866
73.32529125519956
74.32866723186758
75.34577330538653
76.3767973570331
77.42192983903269
78.48136380973997
79.55529496930087
80.64392169580263
81.74744508191844
82.86606897205363
84.0
85.14944762710559
86.31462418096663
87.49574489464905
88.69302794644655
89.90669450018288
91.13696874606552
92.38407794209837
93.64825245606127
94.92972580806371
96.22873471368112
97.54551912768127
98.88032228834909
100.23339076241787
101.6049744906156
102.99532683383418
104.40470461993078
105.83336819116934
107.28158145231139
108.74961191936488
110.23773076900021
111.74621288864225
113.27533692724802
114.8253853467791
116.39664447437839
117.98940455526085
119.60395980632806
121.24060847051635
122.89965287188863
124.58139947148021
126.28615892390862
128.0142461347582
129.76598031874997
131.54168505870732
133.34168836532874
135.16632273777853
137.01592522510623
138.8908374885071
140.79140586443415
142.71798142857384
144.6709200606973
146.65058251039912
148.65733446373517
150.69154661077306
152.7535947140662
154.84385967806537
156.96272761947995
159.11058993860175
161.28784339160526
163.49489016383689
165.73213794410725
168.0
170.29889525421117
172.62924836193326
174.9914897892981
177.3860558928931
179.81338900036576
182.27393749213104
184.76815588419674
187.29650491212254
189.85945161612742
192.45746942736224
195.09103825536255
197.76064457669818
200.46678152483574
203.2099489812312
205.99065366766837
208.80940923986157
211.66673638233868
214.56316290462277
217.49922383872976
220.47546153800042
223.4924257772845
226.55067385449604
229.6507706935582
232.79328894875678
235.9788091105217
239.20791961265613
242.4812169410327
245.79930574377727
249.16279894296042
252.57231784781723
256.0284922695164
259.53196063749994
263.08337011741463
266.68337673065747
270.33264547555706
274.03185045021246
277.7816749770142
281.5828117288683
285.4359628571477
289.3418401213946
293.30116502079824
297.31466892747034
301.3830932215461
305.5071894281324
309.68771935613074
313.9254552389599
318.2211798772035
322.57568678321053
326.98978032767377
331.4642758882145
336.0
340.59779050842235
345.25849672386653
349.9829795785962
354.7721117857862
359.6267780007315
364.5478749842621
369.5363117683935
374.5930098242451
379.71890323225483
384.9149388547245
390.1820765107251
395.52128915339637
400.9335630496715
406.4198979624624
411.98130733533674
417.61881847972313
423.33347276467737
429.12632580924554
434.9984476774595
440.95092307600083
446.984851554569
453.1013477089921
459.3015413871164
465.58657789751356
471.9576182210434
478.41583922531225
484.9624338820654
491.59861148755454
498.32559788592084
505.14463569563446
512.0569845390328
519.0639212749999
526.1667402348293
533.3667534613149
540.6652909511141
548.0637009004249
555.5633499540284
563.1656234577366
570.8719257142953
578.6836802427893
586.6023300415965
594.6293378549407
602.7661864430922
611.0143788562648
619.3754387122615
627.8509104779198
636.442359754407
645.1513735664211
653.9795606553475
662.928551776429
672.0
681.1955810168447
690.5169934477331
699.9659591571924
709.5442235715724
719.253556001463
729.0957499685242
739.072623536787
749.1860196484902
759.4378064645097
769.829877709449
780.3641530214502
791.0425783067927
801.867126099343
812.8397959249248
823.9626146706735
835.2376369594463
846.6669455293547
858.2526516184911
869.996895354919
881.9018461520017
893.969703109138
906.2026954179842
918.6030827742328
931.1731557950271
943.9152364420868
956.8316784506245
969.9248677641308
983.1972229751091
996.6511957718417
1010.2892713912689
1024.1139690780656
1038.1278425499997
1052.3334804696585
1066.7335069226299
1081.3305819022282
1096.1274018008498
1111.1266999080567
1126.3312469154732
1141.7438514285907
1157.3673604855785
1173.204660083193
1189.2586757098813
1205.5323728861845
1222.0287577125296
1238.750877424523
1255.7018209558396
1272.884719508814
1290.3027471328421
1307.959121310695
1325.857103552858
1344.0
1362.3911620336894
1381.0339868954661
1399.9319183143848
1419.0884471431448
1438.507112002926
1458.1914999370483
1478.145247073574
1498.3720392969803
1518.8756129290193
1539.659755418898
1560.7283060429004
1582.0851566135855
1603.734252198686
1625.6795918498497
1647.925229341347
1670.4752739188925
1693.3338910587095
1716.5053032369822
1739.993790709838
1763.8036923040033
1787.939406218276
1812.4053908359683
1837.2061655484656
1862.3463115900543
1887.8304728841736
1913.663356901249
1939.8497355282616
1966.3944459502181
1993.3023915436834
2020.5785427825379
2048.227938156131
2076.2556850999995
2104.666960939317
2133.4670138452598
2162.6611638044565
2192.2548036016997
2222.2533998161134
2252.6624938309465
2283.4877028571814
2314.734720971157
2346.409320166386
2378.5173514197627
2411.064745772369
2444.057515425059
2477.501754849046
2511.403641911679
2545.769439017628
2580.6054942656842
2615.91824262139
2651.714207105716
2688.0
2724.782324067379
2762.0679737909322
2799.8638366287696
2838.1768942862896
2877.014224005852
2916.3829998740966
2956.290494147148
2996.7440785939607
3037.7512258580387
3079.319510837796
3121.4566120858008
3164.170313227171
3207.468504397372
3251.3591836996993
3295.850458682694
3340.950547837785
3386.667782117419
3433.0106064739643
3479.987581419676
3527.6073846080067
3575.878812436552
3624.8107816719366
3674.412331096931
3724.6926231801085
3775.660945768347
3827.326713802498
3879.699471056523
3932.7888919004363
3986.6047830873667
4041.1570855650757
4096.455876312262
4152.511370199999
4209.333921878634
4266.9340276905195
4325.322327608913
4384.509607203399
4444.506799632227
4505.324987661893
4566.975405714363
4629.469441942314
4692.818640332772
4757.034702839525
4822.129491544738
4888.115030850118
4955.003509698092
5022.807283823358
5091.538878035256
5161.2109885313685
5231.83648524278
5303.428414211432
5376.0
5449.564648134758
5524.1359475818645
5599.727673257539
5676.353788572579
5754.028448011704
5832.765999748193
5912.580988294296
5993.488157187921
6075.502451716077
6158.639021675592
6242.9132241716015
6328.340626454342
6414.937008794744
6502.718367399399
6591.700917365388
6681.90109567557
6773.335564234838
6866.021212947929
6959.975162839352
7055.214769216013
7151.757624873104
7249.621563343873
7348.824662193862
7449.385246360217
7551.321891536694
7654.653427604996
7759.398942113046
7865.577783800873
7973.2095661747335
8082.314171130151
8192.911752624525
8305.022740399998
8418.667843757268
8533.868055381039
8650.644655217826
8769.019214406799
8889.013599264454
9010.649975323786
9133.950811428726
9258.938883884628
9385.637280665544
9514.06940567905
9644.258983089476
9776.230061700237
9910.007019396184
10045.614567646717
10183.077756070512
10322.421977062737
10463.67297048556
10606.856828422864
10752.0
