1 20.0
2 21.015132773064387
3 22.081790273476244
4 23.202587723203255
5 24.38027308408951
6 25.617733795285453
7 26.918003852647125
8 28.284271247461902
9 29.71988578273897
10 31.228367286228405
11 32.81341424030552
12 34.47891284987911
13 36.22894657055626
14 38.067806120424784
15 40.0
16 42.030265546128774
17 44.16358054695249
18 46.40517544640651
19 48.76054616817902
20 51.235467590570906
21 53.83600770529425
22 56.568542494923804
23 59.43977156547794
24 62.45673457245681
25 65.62682848061104
26 68.95782569975822
27 72.45789314111252
28 76.13561224084957
29 80.0
30 84.06053109225755
31 88.32716109390498
32 92.81035089281302
33 97.52109233635804
34 102.47093518114181
35 107.6720154105885
36 113.13708498984761
37 118.87954313095588
38 124.91346914491362
39 131.25365696122208
40 137.91565139951643
41 144.91578628222504
42 152.27122448169914
43 160.0
44 168.1210621845151
45 176.65432218780995
46 185.62070178562604
47 195.04218467271608
48 204.94187036228362
49 215.344030821177
50 226.27416997969522
51 237.75908626191176
52 249.82693828982724
53 262.50731392244415
54 275.83130279903287
55 289.8315725644501
56 304.5424489633983
57 320.0
58 336.2421243690302
59 353.3086443756199
60 371.2414035712521
61 390.08436934543215
62 409.88374072456725
63 430.688061642354
64 452.54833995939043
65 475.5181725238235
66 499.6538765796545
67 525.0146278448883
68 551.6626055980657
69 579.6631451289002
70 609.0848979267965
71 640.0
72 672.4842487380604
73 706.6172887512398
74 742.4828071425042
75 780.1687386908643
76 819.7674814491345
77 861.376123284708
78 905.0966799187809
79 951.036345047647
80 999.307753159309
81 1050.0292556897766
82 1103.3252111961315
83 1159.3262902578003
84 1218.169795853593
85 1280.0
86 1344.9684974761208
87 1413.2345775024796
88 1484.9656142850083
89 1560.3374773817286
90 1639.534962898269
91 1722.752246569416
92 1810.1933598375617
93 1902.072690095294
94 1998.615506318618
95 2100.0585113795532
96 2206.650422392263
97 2318.6525805156007
98 2436.339591707186
99 2560.0
100 2689.9369949522415
101 2826.4691550049592
102 2969.9312285700166
103 3120.674954763457
104 3279.069925796538
105 3445.504493138832
106 3620.3867196751235
107 3804.145380190588
108 3997.231012637236
109 4200.1170227591065
110 4413.300844784526
111 4637.305161031201
112 4872.679183414372
113 5120.0
114 5379.873989904483
115 5652.9383100099185
116 5939.862457140033
117 6241.349909526914
118 6558.139851593076
119 6891.008986277664
120 7240.773439350247
121 7608.290760381176
122 7994.462025274472
123 8400.234045518213
124 8826.601689569052
125 9274.610322062403
126 9745.358366828745
127 10240.0
