1 20.0
2 21.189261887185907
3 22.44924096618746
4 23.78414230005442
5 25.198420997897465
6 26.69679708340069
7 28.284271247461902
8 29.96614153753363
9 31.748021039363987
10 33.63585661014858
11 35.635948725613574
12 37.75497250726774
13 40.0
14 42.378523774371814
15 44.89848193237492
16 47.56828460010884
17 50.39684199579493
18 53.39359416680138
19 56.568542494923804
20 59.93228307506726
21 63.496042078727974
22 67.27171322029716
23 71.27189745122715
24 75.50994501453548
25 80.0
26 84.75704754874363
27 89.79696386474984
28 95.13656920021768
29 100.79368399158986
30 106.78718833360276
31 113.13708498984761
32 119.86456615013452
33 126.99208415745595
34 134.54342644059432
35 142.5437949024543
36 151.01989002907095
37 160.0
38 169.51409509748726
39 179.59392772949968
40 190.27313840043536
41 201.58736798317972
42 213.5743766672055
43 226.27416997969522
44 239.72913230026904
45 253.9841683149119
46 269.08685288118863
47 285.0875898049086
48 302.0397800581419
49 320.0
50 339.0281901949745
51 359.18785545899937
52 380.5462768008707
53 403.17473596635944
54 427.148753334411
55 452.54833995939043
56 479.4582646005381
57 507.9683366298238
58 538.1737057623773
59 570.1751796098172
60 604.0795601162838
61 640.0
62 678.056380389949
63 718.3757109179987
64 761.0925536017414
65 806.3494719327189
66 854.297506668822
67 905.0966799187809
68 958.9165292010762
69 1015.9366732596476
70 1076.3474115247545
71 1140.3503592196344
72 1208.1591202325676
73 1280.0
74 1356.112760779898
75 1436.7514218359975
76 1522.1851072034829
77 1612.6989438654377
78 1708.595013337644
79 1810.1933598375617
80 1917.8330584021523
81 2031.8733465192952
82 2152.694823049509
83 2280.7007184392687
84 2416.318240465135
85 2560.0
86 2712.225521559796
87 2873.502843671995
88 3044.3702144069657
89 3225.3978877308755
90 3417.190026675288
91 3620.3867196751235
92 3835.6661168043047
93 4063.7466930385904
94 4305.389646099018
95 4561.401436878537
96 4832.63648093027
97 5120.0
98 5424.451043119592
99 5747.00568734399
100 6088.740428813931
101 6450.795775461751
102 6834.380053350576
103 7240.773439350247
104 7671.332233608609
105 8127.493386077181
106 8610.779292198036
107 9122.802873757075
108 9665.27296186054
109 10240.0
