1 27.5
2 29.13523509488062
3 30.867706328507758
4 32.70319566257483
5 34.64782887210901
6 36.70809598967595
7 38.890872965260115
8 41.20344461410874
9 43.653528929125486
10 46.2493028389543
11 48.99942949771866
12 51.91308719749314
13 55.0
14 58.27047018976124
15 61.735412657015516
16 65.40639132514966
17 69.29565774421802
18 73.4161919793519
19 77.78174593052023
20 82.40688922821748
21 87.30705785825097
22 92.4986056779086
23 97.99885899543732
24 103.82617439498628
25 110.0
26 116.54094037952248
27 123.47082531403103
28 130.8127826502993
29 138.59131548843604
30 146.8323839587038
31 155.56349186104046
32 164.81377845643496
33 174.61411571650194
34 184.9972113558172
35 195.99771799087463
36 207.65234878997256
37 220.0
38 233.08188075904496
39 246.94165062806206
40 261.6255653005986
41 277.1826309768721
42 293.6647679174076
43 311.1269837220809
44 329.6275569128699
45 349.2282314330039
46 369.9944227116344
47 391.99543598174927
48 415.3046975799451
49 440.0
50 466.1637615180899
51 493.8833012561241
52 523.2511306011972
53 554.3652619537442
54 587.3295358348151
55 622.2539674441618
56 659.2551138257398
57 698.4564628660078
58 739.9888454232688
59 783.9908719634985
60 830.6093951598903
61 880.0
62 932.3275230361799
63 987.7666025122483
64 1046.5022612023945
65 1108.7305239074883
66 1174.6590716696303
67 1244.5079348883237
68 1318.5102276514797
69 1396.9129257320155
70 1479.9776908465376
71 1567.981743926997
72 1661.2187903197805
73 1760.0
74 1864.6550460723597
75 1975.5332050244965
76 2093.004522404789
77 2217.4610478149766
78 2349.3181433392606
79 2489.0158697766474
80 2637.0204553029594
81 2793.825851464031
82 2959.955381693075
83 3135.963487853994
84 3322.437580639561
85 3520.0
86 3729.3100921447194
87 3951.066410048993
88 4186.009044809578
89 4434.922095629953
90 4698.636286678521
91 4978.031739553295
92 5274.040910605919
93 5587.651702928062
94 5919.91076338615
95 6271.926975707988
96 6644.875161279122
97 7040.0
98 7458.620184289439
99 7902.132820097986
100 8372.018089619156
101 8869.844191259906
102 9397.272573357042
103 9956.06347910659
104 10548.081821211837
105 11175.303405856124
106 11839.8215267723
107 12543.853951415977
108 13289.750322558244
109 14080.0
