20.0
21.189261887185907
22.44924096618746
23.78414230005442
25.198420997897465
26.69679708340069
28.284271247461902
29.96614153753363
31.748021039363987
33.63585661014858
35.635948725613574
37.75497250726774
40.0
42.378523774371814
44.89848193237492
47.56828460010884
50.39684199579493
53.39359416680138
56.568542494923804
59.93228307506726
63.496042078727974
67.27171322029716
71.27189745122715
75.50994501453548
80.0
84.75704754874363
89.79696386474984
95.13656920021768
100.79368399158986
106.78718833360276
113.13708498984761
119.86456615013452
126.99208415745595
134.54342644059432
142.5437949024543
151.01989002907095
160.0
169.51409509748726
179.59392772949968
190.27313840043536
201.58736798317972
213.5743766672055
226.27416997969522
239.72913230026904
253.9841683149119
269.08685288118863
285.0875898049086
302.0397800581419
320.0
339.0281901949745
359.18785545899937
380.5462768008707
403.17473596635944
427.148753334411
452.54833995939043
479.4582646005381
507.9683366298238
538.1737057623773
570.1751796098172
604.0795601162838
640.0
678.056380389949
718.3757109179987
761.0925536017414
806.3494719327189
854.297506668822
905.0966799187809
958.9165292010762
1015.9366732596476
1076.3474115247545
1140.3503592196344
1208.1591202325676
1280.0
1356.112760779898
1436.7514218359975
1522.1851072034829
1612.6989438654377
1708.595013337644
1810.1933598375617
1917.8330584021523
2031.8733465192952
2152.694823049509
2280.7007184392687
2416.318240465135
2560.0
2712.225521559796
2873.502843671995
3044.3702144069657
3225.3978877308755
3417.190026675288
3620.3867196751235
3835.6661168043047
4063.7466930385904
4305.389646099018
4561.401436878537
4832.63648093027
5120.0
5424.451043119592
5747.00568734399
6088.740428813931
6450.795775461751
6834.380053350576
7240.773439350247
7671.332233608609
8127.493386077181
8610.779292198036
9122.802873757075
9665.27296186054
10240.0
