20.0
21.015132773064387
22.081790273476244
23.202587723203255
24.38027308408951
25.617733795285453
26.918003852647125
28.284271247461902
29.71988578273897
31.228367286228405
32.81341424030552
34.47891284987911
36.22894657055626
38.067806120424784
40.0
42.030265546128774
44.16358054695249
46.40517544640651
48.76054616817902
51.235467590570906
53.83600770529425
56.568542494923804
59.43977156547794
62.45673457245681
65.62682848061104
68.95782569975822
72.45789314111252
76.13561224084957
80.0
84.06053109225755
88.32716109390498
92.81035089281302
97.52109233635804
102.47093518114181
107.6720154105885
113.13708498984761
118.87954313095588
124.91346914491362
131.25365696122208
137.91565139951643
144.91578628222504
152.27122448169914
160.0
168.1210621845151
176.65432218780995
185.62070178562604
195.04218467271608
204.94187036228362
215.344030821177
226.27416997969522
237.75908626191176
249.82693828982724
262.50731392244415
275.83130279903287
289.8315725644501
304.5424489633983
320.0
336.2421243690302
353.3086443756199
371.2414035712521
390.08436934543215
409.88374072456725
430.688061642354
452.54833995939043
475.5181725238235
499.6538765796545
525.0146278448883
551.6626055980657
579.6631451289002
609.0848979267965
640.0
672.4842487380604
706.6172887512398
742.4828071425042
780.1687386908643
819.7674814491345
861.376123284708
905.0966799187809
951.036345047647
999.307753159309
1050.0292556897766
1103.3252111961315
1159.3262902578003
1218.169795853593
1280.0
1344.9684974761208
1413.2345775024796
1484.9656142850083
1560.3374773817286
1639.534962898269
1722.752246569416
1810.1933598375617
1902.072690095294
1998.615506318618
2100.0585113795532
2206.650422392263
2318.6525805156007
2436.339591707186
2560.0
2689.9369949522415
2826.4691550049592
2969.9312285700166
3120.674954763457
3279.069925796538
3445.504493138832
3620.3867196751235
3804.145380190588
3997.231012637236
4200.1170227591065
4413.300844784526
4637.305161031201
4872.679183414372
5120.0
5379.873989904483
5652.9383100099185
5939.862457140033
6241.349909526914
6558.139851593076
6891.008986277664
7240.773439350247
7608.290760381176
7994.462025274472
8400.234045518213
8826.601689569052
9274.610322062403
9745.358366828745
10240.0
