27.5
29.136966780302565
30.87137575114383
32.70902726266604
34.65606693702951
36.71900622109712
38.90474416253928
41.220590482184626
43.67429001977708
46.27404863489254
49.028560649635246
51.94703792488989
55.03924066736851
58.31551007047981
61.78680289818073
65.46472812746887
69.36158577205818
73.49040801707514
77.8650028023418
82.5
87.4109003409077
92.61412725343149
98.12708178799812
103.96820081108851
110.15701866329137
116.71423248761785
123.66177144655389
131.02287005933124
138.82214590467763
147.08568194890574
155.84111377466965
165.11772200210555
174.94653021143944
185.3604086945422
196.39418438240665
208.08475731617455
220.47122405122542
233.59500840702543
247.5
262.2327010227231
277.8423817602945
294.38124536399437
311.90460243326555
330.4710559898741
350.14269746285356
370.98531433966167
393.0686101779937
416.46643771403285
441.2570458467172
467.523341324009
495.3531660063166
524.8395906343183
556.0812260836266
589.1825531472199
624.2542719485236
661.4136721536763
700.7850252210764
742.5
786.6981030681693
833.5271452808834
883.1437360919831
935.7138072997966
991.4131679696222
1050.4280923885606
1112.955943018985
1179.2058305339813
1249.3993131420987
1323.7711375401516
1402.570023972027
1486.0594980189499
1574.518771902955
1668.2436782508798
1767.5476594416598
1872.762815845571
1984.241016461029
2102.355075663229
2227.5
2360.0943092045077
2500.58143584265
2649.4312082759493
2807.14142189939
2974.239503908867
3151.284277165682
3338.8678290569546
3537.6174916019436
3748.1979394262958
3971.313412620455
4207.710071916081
4458.17849405685
4723.5563157088645
5004.731034752639
5302.64297832498
5618.288447536713
5952.723049383087
6307.065226989687
6682.5
