1 27.5
2 29.136966780302565
3 30.87137575114383
4 32.70902726266604
5 34.65606693702951
6 36.71900622109712
7 38.90474416253928
8 41.220590482184626
9 43.67429001977708
10 46.27404863489254
11 49.028560649635246
12 51.94703792488989
13 55.03924066736851
14 58.31551007047981
15 61.78680289818073
16 65.46472812746887
17 69.36158577205818
18 73.49040801707514
19 77.8650028023418
20 82.5
21 87.4109003409077
22 92.61412725343149
23 98.12708178799812
24 103.96820081108851
25 110.15701866329137
26 116.71423248761785
27 123.66177144655389
28 131.02287005933124
29 138.82214590467763
30 147.08568194890574
31 155.84111377466965
32 165.11772200210555
33 174.94653021143944
34 185.3604086945422
35 196.39418438240665
36 208.08475731617455
37 220.47122405122542
38 233.59500840702543
39 247.5
40 262.2327010227231
41 277.8423817602945
42 294.38124536399437
43 311.90460243326555
44 330.4710559898741
45 350.14269746285356
46 370.98531433966167
47 393.0686101779937
48 416.46643771403285
49 441.2570458467172
50 467.523341324009
51 495.3531660063166
52 524.8395906343183
53 556.0812260836266
54 589.1825531472199
55 624.2542719485236
56 661.4136721536763
57 700.7850252210764
58 742.5
59 786.6981030681693
60 833.5271452808834
61 883.1437360919831
62 935.7138072997966
63 991.4131679696222
64 1050.4280923885606
65 1112.955943018985
66 1179.2058305339813
67 1249.3993131420987
68 1323.7711375401516
69 1402.570023972027
70 1486.0594980189499
71 1574.518771902955
72 1668.2436782508798
73 1767.5476594416598
74 1872.762815845571
75 1984.241016461029
76 2102.355075663229
77 2227.5
78 2360.0943092045077
79 2500.58143584265
80 2649.4312082759493
81 2807.14142189939
82 2974.239503908867
83 3151.284277165682
84 3338.8678290569546
85 3537.6174916019436
86 3748.1979394262958
87 3971.313412620455
88 4207.710071916081
89 4458.17849405685
90 4723.5563157088645
91 5004.731034752639
92 5302.64297832498
93 5618.288447536713
94 5952.723049383087
95 6307.065226989687
96 6682.5
