33.0
34.370440441637356
35.797793216731534
37.28442180902185
38.83278785417789
40.44545521590181
42.12509423130498
43.87448613258876
45.696527652351094
47.594235820144476
49.57075295822784
51.62935188478452
53.77344133322193
56.006571596526804
58.33244040602192
60.75489905425869
63.27795877218448
65.90579737114396
68.64276616071284
71.49339715381882
74.46241057108045
77.55472265678996
80.7754538194819
84.12993711056761
87.62372705507457
91.26260884911298
95.0526079392995
99.0
103.11132132491207
107.3933796501946
111.85326542706555
116.49836356253367
121.33636564770543
126.37528269391493
131.62345839776626
137.08958295705327
142.78270746043341
148.71225887468353
154.88805565435356
161.3203239996658
168.01971478958043
174.99732121806574
182.2646971627761
189.83387631655344
197.71739211343188
205.9282984821385
214.48019146145646
223.38723171324133
232.6641679703699
242.32636145844572
252.38981133170284
262.8711811652237
273.7878265473389
285.1578238178985
297.0
309.3339639747362
322.1801389505838
335.55979628119667
349.495090687601
364.0090969431163
379.1258480817448
394.8703751932988
411.26874887115986
428.34812238130024
446.13677662405064
464.66416696306067
483.96097199899737
504.0591443687413
524.9919636541972
546.7940914883283
569.5016289496604
593.1521763402957
617.7848954464155
643.4405743843694
670.1616951397241
697.9925039111097
726.9790843753372
757.1694339951085
788.6135434956711
821.3634796420168
855.4734714536955
891.0
928.0018919242086
966.5404168517515
1006.6793888435899
1048.485272062803
1092.0272908293489
1137.3775442452343
1184.6111255798965
1233.8062466134795
1285.044367143901
1338.4103298721518
1393.9925008891819
1451.882915996992
1512.1774331062238
1574.9758909625916
1640.3822744649847
1708.504886848981
1779.456529020887
1853.3546863392467
1930.321723153108
2010.485085419172
2093.9775117333293
2180.9372531260115
2271.5083019853255
2365.840630487013
2464.0904389260504
2566.4204143610864
2673.0
2784.0056757726256
2899.6212505552544
3020.03816653077
3145.4558161884092
3276.081872488047
3412.132632735703
3553.833376739689
3701.4187398404383
3855.1331014317025
4015.2309896164556
4181.977502667546
4355.6487479909765
4536.532299318671
4724.927672887775
4921.1468233949545
5125.514660546944
5338.369587062662
5560.06405901774
5790.965169459324
6031.455256257516
6281.932535199987
6542.811759378034
6814.5249059559765
7097.52189146104
7392.271316778151
7699.26124308326
8019.0
