27.5
29.13523509488062
30.867706328507758
32.70319566257483
34.64782887210901
36.70809598967595
38.890872965260115
41.20344461410874
43.653528929125486
46.2493028389543
48.99942949771866
51.91308719749314
55.0
58.27047018976124
61.735412657015516
65.40639132514966
69.29565774421802
73.4161919793519
77.78174593052023
82.40688922821748
87.30705785825097
92.4986056779086
97.99885899543732
103.82617439498628
110.0
116.54094037952248
123.47082531403103
130.8127826502993
138.59131548843604
146.8323839587038
155.56349186104046
164.81377845643496
174.61411571650194
184.9972113558172
195.99771799087463
207.65234878997256
220.0
233.08188075904496
246.94165062806206
261.6255653005986
277.1826309768721
293.6647679174076
311.1269837220809
329.6275569128699
349.2282314330039
369.9944227116344
391.99543598174927
415.3046975799451
440.0
466.1637615180899
493.8833012561241
523.2511306011972
554.3652619537442
587.3295358348151
622.2539674441618
659.2551138257398
698.4564628660078
739.9888454232688
783.9908719634985
830.6093951598903
880.0
932.3275230361799
987.7666025122483
1046.5022612023945
1108.7305239074883
1174.6590716696303
1244.5079348883237
1318.5102276514797
1396.9129257320155
1479.9776908465376
1567.981743926997
1661.2187903197805
1760.0
1864.6550460723597
1975.5332050244965
2093.004522404789
2217.4610478149766
2349.3181433392606
2489.0158697766474
2637.0204553029594
2793.825851464031
2959.955381693075
3135.963487853994
3322.437580639561
3520.0
3729.3100921447194
3951.066410048993
4186.009044809578
4434.922095629953
4698.636286678521
4978.031739553295
5274.040910605919
5587.651702928062
5919.91076338615
6271.926975707988
6644.875161279122
7040.0
7458.620184289439
7902.132820097986
8372.018089619156
8869.844191259906
9397.272573357042
9956.06347910659
10548.081821211837
11175.303405856124
11839.8215267723
12543.853951415977
13289.750322558244
14080.0
