1 34.64782887210901
2 36.70809598967595
3 41.20344461410874
4 46.2493028389543
5 51.91308719749314
6 69.29565774421802
7 73.4161919793519
8 82.40688922821748
9 92.4986056779086
10 103.82617439498628
11 138.59131548843604
12 146.8323839587038
13 164.81377845643496
14 184.9972113558172
15 207.65234878997256
16 277.1826309768721
17 293.6647679174076
18 329.6275569128699
19 369.9944227116344
20 415.3046975799451
21 554.3652619537442
22 587.3295358348151
23 659.2551138257398
24 739.9888454232688
25 830.6093951598903
26 1108.7305239074883
27 1174.6590716696303
28 1318.5102276514797
29 1479.9776908465376
30 1661.2187903197805
31 2217.4610478149766
32 2349.3181433392606
33 2637.0204553029594
34 2959.955381693075
35 3322.437580639561
36 4434.922095629953
37 4698.636286678521
38 5274.040910605919
39 5919.91076338615
40 6644.875161279122
41 8869.844191259906
42 9397.272573357042
43 10548.081821211837
44 11839.8215267723
45 13289.750322558244
46 14080.0
