34.64782887210901
36.70809598967595
41.20344461410874
46.2493028389543
51.91308719749314
69.29565774421802
73.4161919793519
82.40688922821748
92.4986056779086
103.82617439498628
138.59131548843604
146.8323839587038
164.81377845643496
184.9972113558172
207.65234878997256
277.1826309768721
293.6647679174076
329.6275569128699
369.9944227116344
415.3046975799451
554.3652619537442
587.3295358348151
659.2551138257398
739.9888454232688
830.6093951598903
1108.7305239074883
1174.6590716696303
1318.5102276514797
1479.9776908465376
1661.2187903197805
2217.4610478149766
2349.3181433392606
2637.0204553029594
2959.955381693075
3322.437580639561
4434.922095629953
4698.636286678521
5274.040910605919
5919.91076338615
6644.875161279122
8869.844191259906
9397.272573357042
10548.081821211837
11839.8215267723
13289.750322558244
14080.0
