1 21.0
2 22.12785691395446
3 27.27844397116266
4 30.287240976455575
5 33.62790659671164
6 37.337045753234555
7 46.027797205523896
8 51.10463731189553
9 56.74145002244319
10 63.0
11 66.38357074186338
12 81.83533191348798
13 90.86172292936672
14 100.88371979013493
15 112.01113725970367
16 138.0833916165717
17 153.31391193568658
18 170.22435006732957
19 189.0
20 199.15071222559013
21 245.50599574046393
22 272.5851687881002
23 302.6511593704048
24 336.033411779111
25 414.25017484971505
26 459.9417358070598
27 510.6730502019887
28 567.0
29 597.4521366767704
30 736.5179872213918
31 817.7555063643005
32 907.9534781112144
33 1008.1002353373331
34 1242.7505245491452
35 1379.8252074211794
36 1532.0191506059662
37 1701.0
38 1792.3564100303113
39 2209.5539616641754
40 2453.2665190929015
41 2723.860434333643
42 3024.3007060119994
43 3728.2515736474356
44 4139.475622263538
45 4596.057451817898
46 5103.0
47 5377.069230090933
48 6628.661884992526
49 7359.799557278705
50 8171.581303000929
51 9072.902118035998
52 11184.754720942306
53 12418.426866790614
54 13788.172355453695
55 15309.0
