21.0
22.12785691395446
27.27844397116266
30.287240976455575
33.62790659671164
37.337045753234555
46.027797205523896
51.10463731189553
56.74145002244319
63.0
66.38357074186338
81.83533191348798
90.86172292936672
100.88371979013493
112.01113725970367
138.0833916165717
153.31391193568658
170.22435006732957
189.0
199.15071222559013
245.50599574046393
272.5851687881002
302.6511593704048
336.033411779111
414.25017484971505
459.9417358070598
510.6730502019887
567.0
597.4521366767704
736.5179872213918
817.7555063643005
907.9534781112144
1008.1002353373331
1242.7505245491452
1379.8252074211794
1532.0191506059662
1701.0
1792.3564100303113
2209.5539616641754
2453.2665190929015
2723.860434333643
3024.3007060119994
3728.2515736474356
4139.475622263538
4596.057451817898
5103.0
5377.069230090933
6628.661884992526
7359.799557278705
8171.581303000929
9072.902118035998
11184.754720942306
12418.426866790614
13788.172355453695
15309.0
