1 25.888061623950666
2 27.27844397116266
3 33.62790659671164
4 37.337045753234555
5 41.455300869529914
6 46.027797205523896
7 56.74145002244319
8 77.664184871852
9 81.83533191348798
10 100.88371979013493
11 112.01113725970367
12 124.36590260858974
13 138.0833916165717
14 170.22435006732957
15 232.992554615556
16 245.50599574046393
17 302.6511593704048
18 336.033411779111
19 373.0977078257692
20 414.25017484971505
21 510.6730502019887
22 698.977663846668
23 736.5179872213918
24 907.9534781112144
25 1008.1002353373331
26 1119.2931234773075
27 1242.7505245491452
28 1532.0191506059662
29 2096.932991540004
30 2209.5539616641754
31 2723.860434333643
32 3024.3007060119994
33 3357.879370431923
34 3728.2515736474356
35 4596.057451817898
36 6290.798974620012
37 6628.661884992526
38 8171.581303000929
39 9072.902118035998
40 10073.638111295768
41 11184.754720942306
42 13788.172355453695
43 15309.0
