25.888061623950666
27.27844397116266
33.62790659671164
37.337045753234555
41.455300869529914
46.027797205523896
56.74145002244319
77.664184871852
81.83533191348798
100.88371979013493
112.01113725970367
124.36590260858974
138.0833916165717
170.22435006732957
232.992554615556
245.50599574046393
302.6511593704048
336.033411779111
373.0977078257692
414.25017484971505
510.6730502019887
698.977663846668
736.5179872213918
907.9534781112144
1008.1002353373331
1119.2931234773075
1242.7505245491452
1532.0191506059662
2096.932991540004
2209.5539616641754
2723.860434333643
3024.3007060119994
3357.879370431923
3728.2515736474356
4596.057451817898
6290.798974620012
6628.661884992526
8171.581303000929
9072.902118035998
10073.638111295768
11184.754720942306
13788.172355453695
15309.0
