1 33.0
2 34.370440441637356
3 35.797793216731534
4 37.28442180902185
5 38.83278785417789
6 40.44545521590181
7 42.12509423130498
8 43.87448613258876
9 45.696527652351094
10 47.594235820144476
11 49.57075295822784
12 51.62935188478452
13 53.77344133322193
14 56.006571596526804
15 58.33244040602192
16 60.75489905425869
17 63.27795877218448
18 65.90579737114396
19 68.64276616071284
20 71.49339715381882
21 74.46241057108045
22 77.55472265678996
23 80.7754538194819
24 84.12993711056761
25 87.62372705507457
26 91.26260884911298
27 95.0526079392995
28 99.0
29 103.11132132491207
30 107.3933796501946
31 111.85326542706555
32 116.49836356253367
33 121.33636564770543
34 126.37528269391493
35 131.62345839776626
36 137.08958295705327
37 142.78270746043341
38 148.71225887468353
39 154.88805565435356
40 161.3203239996658
41 168.01971478958043
42 174.99732121806574
43 182.2646971627761
44 189.83387631655344
45 197.71739211343188
46 205.9282984821385
47 214.48019146145646
48 223.38723171324133
49 232.6641679703699
50 242.32636145844572
51 252.38981133170284
52 262.8711811652237
53 273.7878265473389
54 285.1578238178985
55 297.0
56 309.3339639747362
57 322.1801389505838
58 335.55979628119667
59 349.495090687601
60 364.0090969431163
61 379.1258480817448
62 394.8703751932988
63 411.26874887115986
64 428.34812238130024
65 446.13677662405064
66 464.66416696306067
67 483.96097199899737
68 504.0591443687413
69 524.9919636541972
70 546.7940914883283
71 569.5016289496604
72 593.1521763402957
73 617.7848954464155
74 643.4405743843694
75 670.1616951397241
76 697.9925039111097
77 726.9790843753372
78 757.1694339951085
79 788.6135434956711
80 821.3634796420168
81 855.4734714536955
82 891.0
83 928.0018919242086
84 966.5404168517515
85 1006.6793888435899
86 1048.485272062803
87 1092.0272908293489
88 1137.3775442452343
89 1184.6111255798965
90 1233.8062466134795
91 1285.044367143901
92 1338.4103298721518
93 1393.9925008891819
94 1451.882915996992
95 1512.1774331062238
96 1574.9758909625916
97 1640.3822744649847
98 1708.504886848981
99 1779.456529020887
100 1853.3546863392467
101 1930.321723153108
102 2010.485085419172
103 2093.9775117333293
104 2180.9372531260115
105 2271.5083019853255
106 2365.840630487013
107 2464.0904389260504
108 2566.4204143610864
109 2673.0
110 2784.0056757726256
111 2899.6212505552544
112 3020.03816653077
113 3145.4558161884092
114 3276.081872488047
115 3412.132632735703
116 3553.833376739689
117 3701.4187398404383
118 3855.1331014317025
119 4015.2309896164556
120 4181.977502667546
121 4355.6487479909765
122 4536.532299318671
123 4724.927672887775
124 4921.1468233949545
125 5125.514660546944
126 5338.369587062662
127 5560.06405901774
128 5790.965169459324
129 6031.455256257516
130 6281.932535199987
131 6542.811759378034
132 6814.5249059559765
133 7097.52189146104
134 7392.271316778151
135 7699.26124308326
136 8019.0
