1 20.0
2 20.8305699646287
3 21.695632252564568
4 22.59661927819506
5 23.535022941925995
6 24.51239710054655
7 25.530360140184833
8 26.590597656114397
9 27.694865243849147
10 28.844991406148168
11 30.04288058074415
12 31.2905162938088
13 32.589964444376925
14 33.94337672516776
15 35.35299418546783
16 36.82115094197496
17 38.35027804374817
18 39.94290749766301
19 41.60167646103808
20 43.32933160837504
21 45.128733679442696
22 47.002862216236345
23 48.9548204966557
24 50.98784067307128
25 53.105289124287616
26 55.31067202976544
27 57.60764117533303
28 60.0
29 62.4917098938861
30 65.08689675769371
31 67.78985783458518
32 70.60506882577798
33 73.53719130163965
34 76.5910804205545
35 79.77179296834319
36 83.08459573154744
37 86.5349742184445
38 90.12864174223245
39 93.87154888142639
40 97.76989333313078
41 101.83013017550329
42 106.05898255640348
43 110.46345282592489
44 115.05083413124451
45 119.82872249298903
46 124.80502938311425
47 129.98799482512513
48 135.3862010383281
49 141.00858664870904
50 146.86446148996708
51 152.96352201921385
52 159.31586737286284
53 165.93201608929633
54 172.8229235259991
55 180.0
56 187.4751296816583
57 195.2606902730811
58 203.36957350375553
59 211.81520647733393
60 220.61157390491897
61 229.77324126166351
62 239.31537890502958
63 249.2537871946423
64 259.6049226553335
65 270.38592522669734
66 281.61464664427916
67 293.30967999939236
68 305.4903905265099
69 318.17694766921045
70 331.39035847777467
71 345.1525023937335
72 359.4861674789671
73 374.41508814934275
74 389.96398447537536
75 406.15860311498426
76 423.0257599461271
77 440.59338446990125
78 458.89056605764154
79 477.9476021185885
80 497.796048267889
81 518.4687705779972
82 540.0
83 562.4253890449748
84 585.7820708192434
85 610.1087205112666
86 635.4456194320019
87 661.8347217147569
88 689.3197237849905
89 717.9461367150888
90 747.7613615839269
91 778.8147679660004
92 811.1577756800921
93 844.8439399328375
94 879.929039998177
95 916.4711715795296
96 954.5308430076313
97 994.1710754333241
98 1035.4575071812005
99 1078.4585024369012
100 1123.2452644480281
101 1169.891953426126
102 1218.4758093449527
103 1269.0772798383812
104 1321.7801534097039
105 1376.6716981729246
106 1433.8428063557656
107 1493.3881448036668
108 1555.4063117339917
109 1620.0
110 1687.2761671349247
111 1757.34621245773
112 1830.3261615338
113 1906.3368582960054
114 1985.5041651442707
115 2067.9591713549717
116 2153.838410145266
117 2243.284084751781
118 2336.4443038980016
119 2433.473327040276
120 2534.5318197985125
121 2639.787119994531
122 2749.4135147385887
123 2863.592529022894
124 2982.5132262999723
125 3106.372521543602
126 3235.3755073107036
127 3369.7357933440844
128 3509.675860278378
129 3655.4274280348586
130 3807.2318395151437
131 3965.3404602291116
132 4130.015094518773
133 4301.528419067296
134 4480.164434411001
135 4666.218935201976
136 4860.0
137 5061.828501404774
138 5272.03863737319
139 5490.9784846014
140 5719.010574888017
141 5956.512495432812
142 6203.877514064915
143 6461.515230435798
144 6729.852254255343
145 7009.332911694004
146 7300.419981120828
147 7603.5954593955385
148 7919.3613599835935
149 8248.240544215767
150 8590.777587068682
151 8947.539678899917
152 9319.117564630806
153 9706.126521932112
154 10109.207380032254
155 10529.027580835134
156 10966.282284104575
157 11421.695518545432
158 11896.021380687334
159 12390.045283556321
160 12904.58525720189
161 13440.493303233003
162 13998.656805605926
163 14580.0
