20.0
20.8305699646287
21.695632252564568
22.59661927819506
23.535022941925995
24.51239710054655
25.530360140184833
26.590597656114397
27.694865243849147
28.844991406148168
30.04288058074415
31.2905162938088
32.589964444376925
33.94337672516776
35.35299418546783
36.82115094197496
38.35027804374817
39.94290749766301
41.60167646103808
43.32933160837504
45.128733679442696
47.002862216236345
48.9548204966557
50.98784067307128
53.105289124287616
55.31067202976544
57.60764117533303
60.0
62.4917098938861
65.08689675769371
67.78985783458518
70.60506882577798
73.53719130163965
76.5910804205545
79.77179296834319
83.08459573154744
86.5349742184445
90.12864174223245
93.87154888142639
97.76989333313078
101.83013017550329
106.05898255640348
110.46345282592489
115.05083413124451
119.82872249298903
124.80502938311425
129.98799482512513
135.3862010383281
141.00858664870904
146.86446148996708
152.96352201921385
159.31586737286284
165.93201608929633
172.8229235259991
180.0
187.4751296816583
195.2606902730811
203.36957350375553
211.81520647733393
220.61157390491897
229.77324126166351
239.31537890502958
249.2537871946423
259.6049226553335
270.38592522669734
281.61464664427916
293.30967999939236
305.4903905265099
318.17694766921045
331.39035847777467
345.1525023937335
359.4861674789671
374.41508814934275
389.96398447537536
406.15860311498426
423.0257599461271
440.59338446990125
458.89056605764154
477.9476021185885
497.796048267889
518.4687705779972
540.0
562.4253890449748
585.7820708192434
610.1087205112666
635.4456194320019
661.8347217147569
689.3197237849905
717.9461367150888
747.7613615839269
778.8147679660004
811.1577756800921
844.8439399328375
879.929039998177
916.4711715795296
954.5308430076313
994.1710754333241
1035.4575071812005
1078.4585024369012
1123.2452644480281
1169.891953426126
1218.4758093449527
1269.0772798383812
1321.7801534097039
1376.6716981729246
1433.8428063557656
1493.3881448036668
1555.4063117339917
1620.0
1687.2761671349247
1757.34621245773
1830.3261615338
1906.3368582960054
1985.5041651442707
2067.9591713549717
2153.838410145266
2243.284084751781
2336.4443038980016
2433.473327040276
2534.5318197985125
2639.787119994531
2749.4135147385887
2863.592529022894
2982.5132262999723
3106.372521543602
3235.3755073107036
3369.7357933440844
3509.675860278378
3655.4274280348586
3807.2318395151437
3965.3404602291116
4130.015094518773
4301.528419067296
4480.164434411001
4666.218935201976
4860.0
5061.828501404774
5272.03863737319
5490.9784846014
5719.010574888017
5956.512495432812
6203.877514064915
6461.515230435798
6729.852254255343
7009.332911694004
7300.419981120828
7603.5954593955385
7919.3613599835935
8248.240544215767
8590.777587068682
8947.539678899917
9319.117564630806
9706.126521932112
10109.207380032254
10529.027580835134
10966.282284104575
11421.695518545432
11896.021380687334
12390.045283556321
12904.58525720189
13440.493303233003
13998.656805605926
14580.0
